train: 57062 cases
test: 6341 cases


tp:107 
tn:4957 
fp:1000 
fn:80tp: 0.096657633243tn: 0.984117530276fp: 0.903342366757fn: 0.015882469724